Dynamic Programming is where you use previously calculated answers to solve a larger problem. That is, you solve the problem by solving sub-problems, and
combining those answers. Dynamic programming is mostly used when trying to get an optimal (mostly in the form of the largest of smallest possible answer)
solution rather than a solution. For example, if you're trying to find the largest sum in an array without adding adjacent values, that is trying to find
the best answer (largest sum) even when there are lot's of solutions. Many of these problems can be solved with an absolute brute force solution. In this
problem (called house robber in the implementation I gave), the brute force solution would be recursively getting all values with the index in the method
parameter. You return the maximum value of the current number + recursively calling the method with the index as two above the current index and
recursively calling the method with the next index (it's a little hard to explain, just look at the code to see what I'm talking about). However, you
would see that it takes a lot of time. This is because of the biggest problem known to dynamic programming: repeating sub-problems. Let's see all the
indices of the problems it solves (if the problem is solved with one index twice, both times there is nothing different, so it is just solving that
sub-problem twice). I printed the index of the method in the code, and this is the result I got:

0 2 4 6 8 10 12 14 15 13 15 14 15 11 13 15 14 15 12 14 15 13 15 14 15 9 11 13 15 14 15 12 14 15 13 15 14 15 10 12 14 15 13 15 14 15 11 13 15 14 15 12 14 15 13 15 14 15 7 9 11 13 15 14 15 12 14 15 13 15 14 15 10 12 14 15 13 15 14 15 11 13 15 14 15 12 14 15 13 15 14 15 8 10 12 14 15 13 15 14 15 11 13 15 14 15 12 14 15 13 15 14 15 9 11 13 15 14 15 12 14 15 13 15 14 15 10 12 14 15 13 15 14 15 11 13 15 14 15 12 14 15 13 15 14 15 5 7 9 11 13 15 14 15 12 14 15 13 15 14 15 10 12 14 15 13 15 14 15 11 13 15 14 15 12 14 15 13 15 14 15 8 10 12 14 15 13 15 14 15 11 13 15 14 15 12 14 15 13 15 14 15 9 11 13 15 14 15 12 14 15 13 15 14 15 10 12 14 15 13 15 14 15 11 13 15 14 15 12 14 15 13 15 14 15 6 8 10 12 14 15 13 15 14 15 11 13 15 14 15 12 14 15 13 15 14 15 9 11 13 15 14 15 12 14 15 13 15 14 15 10 12 14 15 13 15 14 15 11 13 15 14 15 12 14 15 13 15 14 15 7 9 11 13 15 14 15 12 14 15 13 15 14 15 10 12 14 15 13 15 14 15 11 13 15 14 15 12 14 15 13 15 14 15 8 10 12 14 15 13 15 14 15 11 13 15 14 15 12 14 15 13 15 14 15 9 11 13 15 14 15 12 14 15 13 15 14 15 10 12 14 15 13 15 14 15 11 13 15 14 15 12 14 15 13 15 14 15 3 5 7 9 11 13 15 14 15 12 14 15 13 15 14 15 10 12 14 15 13 15 14 15 11 13 15 14 15 12 14 15 13 15 14 15 8 10 12 14 15 13 15 14 15 11 13 15 14 15 12 14 15 13 15 14 15 9 11 13 15 14 15 12 14 15 13 15 14 15 10 12 14 15 13 15 14 15 11 13 15 14 15 12 14 15 13 15 14 15 6 8 10 12 14 15 13 15 14 15 11 13 15 14 15 12 14 15 13 15 14 15 9 11 13 15 14 15 12 14 15 13 15 14 15 10 12 14 15 13 15 14 15 11 13 15 14 15 12 14 15 13 15 14 15 7 9 11 13 15 14 15 12 14 15 13 15 14 15 10 12 14 15 13 15 14 15 11 13 15 14 15 12 14 15 13 15 14 15 8 10 12 14 15 13 15 14 15 11 13 15 14 15 12 14 15 13 15 14 15 9 11 13 15 14 15 12 14 15 13 15 14 15 10 12 14 15 13 15 14 15 11 13 15 14 15 12 14 15 13 15 14 15 4 6 8 10 12 14 15 13 15 14 15 11 13 15 14 15 12 14 15 13 15 14 15 9 11 13 15 14 15 12 14 15 13 15 14 15 10 12 14 15 13 15 14 15 11 13 15 14 15 12 14 15 13 15 14 15 7 9 11 13 15 14 15 12 14 15 13 15 14 15 10 12 14 15 13 15 14 15 11 13 15 14 15 12 14 15 13 15 14 15 8 10 12 14 15 13 15 14 15 11 13 15 14 15 12 14 15 13 15 14 15 9 11 13 15 14 15 12 14 15 13 15 14 15 10 12 14 15 13 15 14 15 11 13 15 14 15 12 14 15 13 15 14 15 5 7 9 11 13 15 14 15 12 14 15 13 15 14 15 10 12 14 15 13 15 14 15 11 13 15 14 15 12 14 15 13 15 14 15 8 10 12 14 15 13 15 14 15 11 13 15 14 15 12 14 15 13 15 14 15 9 11 13 15 14 15 12 14 15 13 15 14 15 10 12 14 15 13 15 14 15 11 13 15 14 15 12 14 15 13 15 14 15 6 8 10 12 14 15 13 15 14 15 11 13 15 14 15 12 14 15 13 15 14 15 9 11 13 15 14 15 12 14 15 13 15 14 15 10 12 14 15 13 15 14 15 11 13 15 14 15 12 14 15 13 15 14 15 7 9 11 13 15 14 15 12 14 15 13 15 14 15 10 12 14 15 13 15 14 15 11 13 15 14 15 12 14 15 13 15 14 15 8 10 12 14 15 13 15 14 15 11 13 15 14 15 12 14 15 13 15 14 15 9 11 13 15 14 15 12 14 15 13 15 14 15 10 12 14 15 13 15 14 15 11 13 15 14 15 12 14 15 13 15 14 15 1 3 5 7 9 11 13 15 14 15 12 14 15 13 15 14 15 10 12 14 15 13 15 14 15 11 13 15 14 15 12 14 15 13 15 14 15 8 10 12 14 15 13 15 14 15 11 13 15 14 15 12 14 15 13 15 14 15 9 11 13 15 14 15 12 14 15 13 15 14 15 10 12 14 15 13 15 14 15 11 13 15 14 15 12 14 15 13 15 14 15 6 8 10 12 14 15 13 15 14 15 11 13 15 14 15 12 14 15 13 15 14 15 9 11 13 15 14 15 12 14 15 13 15 14 15 10 12 14 15 13 15 14 15 11 13 15 14 15 12 14 15 13 15 14 15 7 9 11 13 15 14 15 12 14 15 13 15 14 15 10 12 14 15 13 15 14 15 11 13 15 14 15 12 14 15 13 15 14 15 8 10 12 14 15 13 15 14 15 11 13 15 14 15 12 14 15 13 15 14 15 9 11 13 15 14 15 12 14 15 13 15 14 15 10 12 14 15 13 15 14 15 11 13 15 14 15 12 14 15 13 15 14 15 4 6 8 10 12 14 15 13 15 14 15 11 13 15 14 15 12 14 15 13 15 14 15 9 11 13 15 14 15 12 14 15 13 15 14 15 10 12 14 15 13 15 14 15 11 13 15 14 15 12 14 15 13 15 14 15 7 9 11 13 15 14 15 12 14 15 13 15 14 15 10 12 14 15 13 15 14 15 11 13 15 14 15 12 14 15 13 15 14 15 8 10 12 14 15 13 15 14 15 11 13 15 14 15 12 14 15 13 15 14 15 9 11 13 15 14 15 12 14 15 13 15 14 15 10 12 14 15 13 15 14 15 11 13 15 14 15 12 14 15 13 15 14 15 5 7 9 11 13 15 14 15 12 14 15 13 15 14 15 10 12 14 15 13 15 14 15 11 13 15 14 15 12 14 15 13 15 14 15 8 10 12 14 15 13 15 14 15 11 13 15 14 15 12 14 15 13 15 14 15 9 11 13 15 14 15 12 14 15 13 15 14 15 10 12 14 15 13 15 14 15 11 13 15 14 15 12 14 15 13 15 14 15 6 8 10 12 14 15 13 15 14 15 11 13 15 14 15 12 14 15 13 15 14 15 9 11 13 15 14 15 12 14 15 13 15 14 15 10 12 14 15 13 15 14 15 11 13 15 14 15 12 14 15 13 15 14 15 7 9 11 13 15 14 15 12 14 15 13 15 14 15 10 12 14 15 13 15 14 15 11 13 15 14 15 12 14 15 13 15 14 15 8 10 12 14 15 13 15 14 15 11 13 15 14 15 12 14 15 13 15 14 15 9 11 13 15 14 15 12 14 15 13 15 14 15 10 12 14 15 13 15 14 15 11 13 15 14 15 12 14 15 13 15 14 15 2 4 6 8 10 12 14 15 13 15 14 15 11 13 15 14 15 12 14 15 13 15 14 15 9 11 13 15 14 15 12 14 15 13 15 14 15 10 12 14 15 13 15 14 15 11 13 15 14 15 12 14 15 13 15 14 15 7 9 11 13 15 14 15 12 14 15 13 15 14 15 10 12 14 15 13 15 14 15 11 13 15 14 15 12 14 15 13 15 14 15 8 10 12 14 15 13 15 14 15 11 13 15 14 15 12 14 15 13 15 14 15 9 11 13 15 14 15 12 14 15 13 15 14 15 10 12 14 15 13 15 14 15 11 13 15 14 15 12 14 15 13 15 14 15 5 7 9 11 13 15 14 15 12 14 15 13 15 14 15 10 12 14 15 13 15 14 15 11 13 15 14 15 12 14 15 13 15 14 15 8 10 12 14 15 13 15 14 15 11 13 15 14 15 12 14 15 13 15 14 15 9 11 13 15 14 15 12 14 15 13 15 14 15 10 12 14 15 13 15 14 15 11 13 15 14 15 12 14 15 13 15 14 15 6 8 10 12 14 15 13 15 14 15 11 13 15 14 15 12 14 15 13 15 14 15 9 11 13 15 14 15 12 14 15 13 15 14 15 10 12 14 15 13 15 14 15 11 13 15 14 15 12 14 15 13 15 14 15 7 9 11 13 15 14 15 12 14 15 13 15 14 15 10 12 14 15 13 15 14 15 11 13 15 14 15 12 14 15 13 15 14 15 8 10 12 14 15 13 15 14 15 11 13 15 14 15 12 14 15 13 15 14 15 9 11 13 15 14 15 12 14 15 13 15 14 15 10 12 14 15 13 15 14 15 11 13 15 14 15 12 14 15 13 15 14 15 3 5 7 9 11 13 15 14 15 12 14 15 13 15 14 15 10 12 14 15 13 15 14 15 11 13 15 14 15 12 14 15 13 15 14 15 8 10 12 14 15 13 15 14 15 11 13 15 14 15 12 14 15 13 15 14 15 9 11 13 15 14 15 12 14 15 13 15 14 15 10 12 14 15 13 15 14 15 11 13 15 14 15 12 14 15 13 15 14 15 6 8 10 12 14 15 13 15 14 15 11 13 15 14 15 12 14 15 13 15 14 15 9 11 13 15 14 15 12 14 15 13 15 14 15 10 12 14 15 13 15 14 15 11 13 15 14 15 12 14 15 13 15 14 15 7 9 11 13 15 14 15 12 14 15 13 15 14 15 10 12 14 15 13 15 14 15 11 13 15 14 15 12 14 15 13 15 14 15 8 10 12 14 15 13 15 14 15 11 13 15 14 15 12 14 15 13 15 14 15 9 11 13 15 14 15 12 14 15 13 15 14 15 10 12 14 15 13 15 14 15 11 13 15 14 15 12 14 15 13 15 14 15 4 6 8 10 12 14 15 13 15 14 15 11 13 15 14 15 12 14 15 13 15 14 15 9 11 13 15 14 15 12 14 15 13 15 14 15 10 12 14 15 13 15 14 15 11 13 15 14 15 12 14 15 13 15 14 15 7 9 11 13 15 14 15 12 14 15 13 15 14 15 10 12 14 15 13 15 14 15 11 13 15 14 15 12 14 15 13 15 14 15 8 10 12 14 15 13 15 14 15 11 13 15 14 15 12 14 15 13 15 14 15 9 11 13 15 14 15 12 14 15 13 15 14 15 10 12 14 15 13 15 14 15 11 13 15 14 15 12 14 15 13 15 14 15 5 7 9 11 13 15 14 15 12 14 15 13 15 14 15 10 12 14 15 13 15 14 15 11 13 15 14 15 12 14 15 13 15 14 15 8 10 12 14 15 13 15 14 15 11 13 15 14 15 12 14 15 13 15 14 15 9 11 13 15 14 15 12 14 15 13 15 14 15 10 12 14 15 13 15 14 15 11 13 15 14 15 12 14 15 13 15 14 15 6 8 10 12 14 15 13 15 14 15 11 13 15 14 15 12 14 15 13 15 14 15 9 11 13 15 14 15 12 14 15 13 15 14 15 10 12 14 15 13 15 14 15 11 13 15 14 15 12 14 15 13 15 14 15 7 9 11 13 15 14 15 12 14 15 13 15 14 15 10 12 14 15 13 15 14 15 11 13 15 14 15 12 14 15 13 15 14 15 8 10 12 14 15 13 15 14 15 11 13 15 14 15 12 14 15 13 15 14 15 9 11 13 15 14 15 12 14 15 13 15 14 15 10 12 14 15 13 15 14 15 11 13 15 14 15 12 14 15 13 15 14 15

and that was for an array size 16. We already proved that if two methods have the same index in the parameter, then they are solving the same problem
again. As you can see in the result, there are lot's of duplicate 15's, 14's, there are even two duplicates of 2, which is practically solving the whole
problem a second time. This is where dynamic programming comes in. It stores the previous answers (usually in an array) and every method call it checks
if it solves the problem before. This is called memoization (not a typo).